greysriver.asc
NCOLS  455
NROWS  217
xllcorner    512706.500000000000
yllcorner    4769229.500000000000
cellsize     1.000000000000
NODATA_value -3.4028234663852901093e+38
[rows 0 to 22 of 217, columns 300 to 349 of 455]
1972.4375 1972.80187988 1973.12939453 1973.57897949 1974.04541016 1974.53405762 1975.03735352 1975.44519043 1976.06115723 1976.68078613 1976.90478516 1977.2590332 1977.65209961 1978.05932617 1978.60131836 1979.07922363 1979.42199707 1979.76477051 1980.19799805 1980.74963379 1981.37280273 1981.82177734 1982.21875 1982.5135498 1982.64855957 1983.10388184 1983.63244629 1984.15942383 1984.54443359 1985.46728516 1985.97155762 1986.75244141 1987.62341309 1988.37072754 1989.25561523 1989.76513672 1990.5793457 1991.24279785 1992.0324707 1992.63513184 1993.17102051 1993.78210449 1994.31567383 1994.88659668 1995.51208496 1996.11608887 1996.42346191 1996.58618164 1996.67407227 1996.70495605
1973.57373047 1974.10888672 1974.44580078 1974.8425293 1975.171875 1975.71337891 1976.17602539 1976.5291748 1977.07800293 1977.53979492 1977.98486328 1978.43945312 1978.7298584 1979.25073242 1979.57458496 1980.0279541 1980.55859375 1981.02416992 1981.51928711 1981.78967285 1982.42773438 1982.66333008 1983.40344238 1983.75585938 1984.10974121 1984.5090332 1984.70092773 1985.00683594 1985.78881836 1986.45739746 1987.12902832 1987.87988281 1988.65881348 1989.66296387 1990.32910156 1990.89770508 1991.5255127 1992.22851562 1992.92797852 1993.54345703 1994.23474121 1994.99389648 1995.45373535 1996.07556152 1996.63122559 1997.25549316 1997.75146484 1998.16540527 1998.4630127 1998.73693848
1974.74694824 1975.29833984 1975.66564941 1975.96447754 1976.41650391 1977.05371094 1977.24438477 1977.63793945 1978.12280273 1978.59143066 1979.11083984 1979.48352051 1979.91052246 1980.22033691 1980.73083496 1981.28869629 1981.60168457 1982.11242676 1982.66442871 1982.99658203 1983.39611816 1983.95300293 1984.38659668 1984.97106934 1985.36572266 1985.76062012 1986.02539062 1986.39135742 1986.97290039 1987.39343262 1988.11767578 1988.78710938 1989.63793945 1990.46166992 1991.00842285 1991.81750488 1992.43322754 1993.14953613 1993.74987793 1994.42810059 1995.29272461 1996.11254883 1996.56115723 1997.17663574 1997.7878418 1998.38195801 1998.8380127 1999.23730469 1999.73779297 2000.10241699
1975.56079102 1976.07165527 1976.55651855 1977.20202637 1977.50341797 1978.01037598 1978.39343262 1978.77490234 1979.18371582 1979.60754395 1980.2487793 1980.61315918 1980.96496582 1981.30249023 1981.81066895 1982.34887695 1982.76196289 1983.32922363 1983.65380859 1984.14697266 1984.69238281 1985.12658691 1985.54541016 1986.05053711 1986.46008301 1986.89123535 1987.24584961 1987.58752441 1987.953125 1988.28137207 1988.96264648 1989.57641602 1990.4786377 1991.2331543 1991.79333496 1992.54016113 1993.03063965 1993.61584473 1994.42285156 1995.2064209 1996.11914062 1996.90649414 1997.41333008 1998.09729004 1998.76977539 1999.22473145 1999.79272461 2000.48583984 2000.86450195 2001.42724609
1976.24084473 1976.74743652 1977.35095215 1977.87280273 1978.42541504 1979.0098877 1979.33630371 1979.89660645 1980.18164062 1980.7175293 1981.04406738 1981.53955078 1981.93139648 1982.5291748 1982.99597168 1983.30578613 1983.75231934 1984.32177734 1984.88696289 1985.22680664 1985.69348145 1986.21252441 1986.67114258 1987.13720703 1987.66430664 1988.17126465 1988.42431641 1988.76953125 1989.22827148 1989.6574707 1990.26257324 1990.6829834 1991.32897949 1992.06054688 1992.63024902 1993.23364258 1993.77197266 1994.42102051 1995.14428711 1996.11889648 1997.00061035 1997.68652344 1998.31750488 1999.03503418 1999.62597656 2000.26574707 2000.80126953 2001.38500977 2001.76257324 2002.22033691
1977.33166504 1977.82678223 1978.28637695 1978.7019043 1979.39746094 1979.91430664 1980.21948242 1980.73034668 1981.20373535 1981.65991211 1982.09545898 1982.62963867 1982.90515137 1983.50231934 1983.95593262 1984.38818359 1984.88684082 1985.49499512 1985.79626465 1986.40002441 1986.89233398 1987.3416748 1987.64099121 1988.20214844 1988.7331543 1989.17541504 1989.52197266 1989.97570801 1990.45324707 1990.87231445 1991.56030273 1992.07189941 1992.58605957 1993.20617676 1993.7512207 1994.24743652 1994.77429199 1995.51599121 1996.33508301 1997.21740723 1997.95129395 1998.58618164 1999.28869629 2000.04260254 2000.69482422 2001.23034668 2001.90185547 2002.42211914 2002.82592773 2003.27282715
1978.55993652 1979.06274414 1979.44885254 1979.79052734 1980.5402832 1980.82983398 1981.23181152 1981.68591309 1982.1829834 1982.62792969 1983.03295898 1983.40576172 1983.90185547 1984.43835449 1984.78686523 1985.32458496 1985.87927246 1986.46984863 1986.87866211 1987.33166504 1987.9041748 1988.43237305 1988.78173828 1989.42443848 1989.72351074 1990.28210449 1990.62133789 1991.17797852 1991.69250488 1992.13867188 1992.64758301 1993.2409668 1993.73486328 1994.25476074 1994.83947754 1995.36230469 1995.89697266 1996.64379883 1997.4440918 1998.29199219 1998.94287109 1999.73352051 2000.20043945 2000.86376953 2001.45812988 2002.23254395 2002.76318359 2003.3972168 2003.86254883 2004.25317383
1979.79614258 1980.10925293 1980.69067383 1981.0982666 1981.54016113 1981.85083008 1982.28039551 1982.69946289 1983.12768555 1983.56848145 1984.02636719 1984.35461426 1984.79260254 1985.33166504 1985.98425293 1986.21789551 1986.7512207 1987.29284668 1987.83105469 1988.3638916 1988.94604492 1989.37634277 1989.84301758 1990.26843262 1990.81762695 1991.41589355 1991.78723145 1992.33703613 1992.68005371 1993.15771484 1993.80041504 1994.49926758 1994.9284668 1995.48864746 1996.1072998 1996.6472168 1997.07250977 1997.63305664 1998.37365723 1999.26123047 1999.9119873 2000.55773926 2001.18444824 2001.92956543 2002.49072266 2003.10412598 2003.70410156 2004.36083984 2004.79382324 2005.31506348
1981.10705566 1981.52197266 1982.05749512 1982.50292969 1982.71984863 1982.89135742 1983.45776367 1983.79858398 1984.08752441 1984.36755371 1985.01196289 1985.33361816 1985.70397949 1986.1472168 1986.78503418 1987.19311523 1987.67102051 1988.18408203 1988.61340332 1989.29284668 1989.86083984 1990.54736328 1990.87512207 1991.33154297 1991.90270996 1992.52807617 1992.95422363 1993.32092285 1993.80053711 1994.28625488 1994.92663574 1995.60900879 1996.11828613 1996.46887207 1997.2322998 1997.70703125 1998.23681641 1998.87207031 1999.54260254 2000.12805176 2000.80651855 2001.55200195 2002.28259277 2002.74707031 2003.46105957 2004.20446777 2004.82922363 2005.3013916 2005.92541504 2006.46398926
1982.32861328 1982.73522949 1983.19787598 1983.66894531 1983.8314209 1984.07092285 1984.3927002 1984.80981445 1985.06994629 1985.41052246 1986.01672363 1986.26379395 1986.78100586 1987.24682617 1987.82458496 1988.28686523 1988.5246582 1988.98828125 1989.57788086 1990.24609375 1990.79748535 1991.35876465 1991.79370117 1992.46362305 1993.00646973 1993.55700684 1993.8815918 1994.3815918 1994.99560547 1995.45739746 1996.12841797 1996.65185547 1997.14770508 1997.58007812 1998.234375 1998.85705566 1999.42480469 2000.02490234 2000.64025879 2001.27612305 2001.87011719 2002.63012695 2003.20214844 2003.79711914 2004.44567871 2005.07104492 2005.71936035 2006.38769531 2006.79833984 2007.47509766
1983.08483887 1983.55493164 1984.11706543 1984.60681152 1984.82739258 1985.12719727 1985.4921875 1985.84533691 1986.30322266 1986.71826172 1987.04309082 1987.56005859 1988.07800293 1988.39416504 1988.90686035 1989.24853516 1989.7421875 1990.16308594 1990.74658203 1991.30871582 1991.94604492 1992.40527344 1992.84448242 1993.43225098 1994.02355957 1994.50109863 1995.02905273 1995.45849609 1995.99450684 1996.56469727 1997.08007812 1997.55871582 1997.99804688 1998.62011719 1999.26025391 1999.71447754 2000.30786133 2000.91918945 2001.52392578 2002.21801758 2002.91625977 2003.63513184 2004.26477051 2004.88342285 2005.51550293 2006.18188477 2006.71008301 2007.28149414 2007.80859375 2008.12072754
1983.87634277 1984.43725586 1984.90881348 1985.31799316 1985.69421387 1986.11242676 1986.4822998 1986.67163086 1987.36962891 1987.70605469 1988.23632812 1988.64123535 1989.1138916 1989.63330078 1990.01550293 1990.50292969 1991.00512695 1991.57971191 1992.17541504 1992.64135742 1993.08776855 1993.48937988 1994.12219238 1994.56079102 1995.03259277 1995.47937012 1995.93652344 1996.43933105 1996.99243164 1997.47827148 1998.01879883 1998.50915527 1999.02844238 1999.72973633 2000.17272949 2000.77722168 2001.54968262 2002.02783203 2002.56762695 2003.25268555 2003.99853516 2004.73937988 2005.67590332 2006.02661133 2006.60400391 2007.11083984 2007.70593262 2008.16333008 2008.66064453 2009.34716797
1984.54748535 1985.12390137 1985.53808594 1985.99511719 1986.44665527 1986.69384766 1987.11633301 1987.48425293 1987.98693848 1988.2722168 1989.03588867 1989.34094238 1989.88842773 1990.52819824 1991.04199219 1991.66784668 1992.21850586 1992.75146484 1993.31066895 1993.83850098 1994.34973145 1994.65759277 1995.06665039 1995.67285156 1996.09533691 1996.53259277 1996.96264648 1997.58691406 1998.16088867 1998.46276855 1999.04089355 1999.5559082 2000.15563965 2000.72827148 2001.36975098 2002.01513672 2002.71105957 2003.1451416 2003.72924805 2004.25622559 2004.81799316 2005.7232666 2006.3458252 2007.10314941 2007.66320801 2008.16796875 2008.7175293 2009.16149902 2009.66186523 2010.16711426
1985.11682129 1985.5925293 1986.05895996 1986.48193359 1987.04321289 1987.41418457 1987.72924805 1988.15270996 1988.5769043 1989.13378906 1989.6706543 1990.05969238 1990.5916748 1991.23083496 1991.73400879 1992.35559082 1993.01928711 1993.52636719 1994.13464355 1994.67895508 1995.27392578 1995.64953613 1996.11779785 1996.68383789 1997.15478516 1997.61804199 1998.05749512 1998.58166504 1999.07104492 1999.51623535 2000.11425781 2000.68151855 2001.19702148 2001.90136719 2002.51831055 2003.05407715 2003.72583008 2004.41088867 2004.77880859 2005.39880371 2006.08215332 2006.73144531 2007.5098877 2008.05407715 2008.63916016 2009.30517578 2009.78601074 2010.08435059 2010.60717773 2011.15966797
1985.81176758 1986.23071289 1986.6439209 1987.19787598 1987.91027832 1988.10473633 1988.63037109 1989.08544922 1989.53808594 1989.94482422 1990.54772949 1990.89782715 1991.44812012 1991.90332031 1992.49060059 1993.00305176 1993.64660645 1994.17175293 1994.80554199 1995.34228516 1995.87902832 1996.45861816 1997.00732422 1997.48339844 1997.97753906 1998.5177002 1999.00415039 1999.53027344 1999.95422363 2000.51000977 2001.11108398 2001.68469238 2002.22631836 2002.8894043 2003.58032227 2004.16662598 2004.6328125 2005.27661133 2005.8659668 2006.36633301 2007.03405762 2007.765625 2008.50378418 2009.17663574 2009.73193359 2010.31152344 2010.9029541 2011.51965332 2012.06054688 2012.48620605
1986.32946777 1986.76611328 1987.30407715 1987.90112305 1988.59631348 1988.85559082 1989.40588379 1989.8770752 1990.36022949 1990.89941406 1991.56750488 1991.87634277 1992.2713623 1992.77075195 1993.30053711 1993.91174316 1994.72937012 1995.04724121 1995.51818848 1996.11755371 1996.65380859 1997.17675781 1997.6607666 1998.15966797 1998.72717285 1999.24462891 1999.78564453 2000.4597168 2000.93884277 2001.38671875 2001.96130371 2002.40283203 2003.0402832 2003.68884277 2004.28149414 2004.99865723 2005.56176758 2006.12866211 2006.64477539 2007.35827637 2008.00341797 2008.72973633 2009.36279297 2010.03649902 2010.62841797 2011.16455078 2011.88293457 2012.54016113 2013.0333252 2013.52954102
1986.58959961 1987.10839844 1987.63244629 1988.24133301 1988.84851074 1989.53552246 1990.0501709 1990.64526367 1991.05810547 1991.80273438 1992.18981934 1992.6307373 1993.09521484 1993.66821289 1994.1895752 1994.77819824 1995.36096191 1995.90332031 1996.49108887 1997.03149414 1997.47033691 1997.92749023 1998.41442871 1998.92150879 1999.46130371 2000.03173828 2000.60412598 2001.19238281 2001.64587402 2002.17272949 2002.7355957 2003.39086914 2003.88256836 2004.39941406 2005.06408691 2005.73803711 2006.3873291 2007.00976562 2007.4798584 2008.18835449 2008.90808105 2009.51806641 2010.14245605 2010.93054199 2011.57336426 2012.19433594 2012.71643066 2013.36303711 2013.85559082 2014.52087402
1986.50134277 1987.28259277 1987.90026855 1988.52868652 1989.21862793 1990.01501465 1990.55639648 1991.21508789 1991.7487793 1992.33837891 1992.88220215 1993.31359863 1993.80517578 1994.47363281 1995.07885742 1995.60656738 1996.20983887 1996.88928223 1997.57043457 1997.96899414 1998.46118164 1998.9675293 1999.62341309 1999.96484375 2000.40478516 2000.99279785 2001.3494873 2002.08630371 2002.59057617 2003.21313477 2003.66259766 2004.17175293 2004.78674316 2005.48327637 2006.0390625 2006.57653809 2007.28173828 2007.87963867 2008.44665527 2009.03894043 2009.77307129 2010.40820312 2011.05517578 2011.84765625 2012.65234375 2013.07824707 2013.54956055 2013.98840332 2014.55493164 2015.20910645
1986.33618164 1987.01745605 1987.9375 1988.55383301 1989.33654785 1990.13867188 1990.8692627 1991.51623535 1992.18823242 1992.73071289 1993.3548584 1994.06005859 1994.57214355 1995.28820801 1995.796875 1996.36669922 1996.94702148 1997.5760498 1998.19299316 1998.81921387 1999.29919434 1999.79943848 2000.41333008 2000.88098145 2001.55358887 2001.91943359 2002.51831055 2003.05078125 2003.59875488 2004.1739502 2004.77331543 2005.24645996 2005.93530273 2006.23352051 2006.80151367 2007.28063965 2007.99926758 2008.61230469 2009.35119629 2009.96716309 2010.49890137 2011.19958496 2011.84777832 2012.55505371 2013.21826172 2013.87231445 2014.36291504 2014.97387695 2015.47595215 2016.22570801
1985.83483887 1986.55541992 1987.68969727 1988.62768555 1989.12072754 1989.95910645 1990.82470703 1991.61584473 1992.37451172 1993.08215332 1993.8092041 1994.52185059 1995.15710449 1995.87243652 1996.59619141 1997.11962891 1997.61914062 1998.17712402 1998.71459961 1999.38623047 1999.99816895 2000.67028809 2001.30578613 2001.7902832 2002.17785645 2002.78735352 2003.51086426 2003.82495117 2004.3236084 2004.94921875 2005.44299316 2005.91906738 2006.5345459 2007.30322266 2007.64819336 2008.19006348 2008.73913574 2009.49267578 2010.22546387 2010.73742676 2011.2644043 2012.00622559 2012.69567871 2013.37609863 2014.02966309 2014.62133789 2015.12451172 2015.86987305 2016.42541504 2017.0213623
1985.66345215 1986.37878418 1987.4284668 1988.17907715 1988.96044922 1989.82116699 1990.97143555 1991.67163086 1992.33605957 1993.08337402 1993.90197754 1994.69848633 1995.42443848 1996.09448242 1996.82421875 1997.40124512 1998.21276855 1998.75646973 1999.49511719 2000.19396973 2000.71520996 2001.28552246 2001.95825195 2002.44885254 2003.07775879 2003.44970703 2003.99707031 2004.49243164 2005.03613281 2005.52270508 2006.01403809 2006.53344727 2007.1796875 2007.73010254 2008.30493164 2008.90026855 2009.53796387 2010.1060791 2010.71069336 2011.5390625 2012.10021973 2012.82250977 2013.55908203 2014.13476562 2014.79931641 2015.37792969 2015.88195801 2016.54907227 2017.15576172 2017.79187012
1985.46643066 1986.34179688 1987.2265625 1988.0357666 1988.62365723 1989.67297363 1990.51513672 1991.44396973 1992.0480957 1992.82958984 1993.77233887 1994.59155273 1995.43151855 1996.27734375 1996.88342285 1997.68859863 1998.17504883 1999.03369141 1999.7286377 2000.70605469 2001.13720703 2001.73254395 2002.40917969 2003.06518555 2003.48339844 2004.16931152 2004.73864746 2005.14941406 2005.57788086 2006.10119629 2006.6348877 2007.25097656 2007.75195312 2008.43823242 2008.96386719 2009.62683105 2010.36303711 2010.83374023 2011.60021973 2012.16955566 2012.69152832 2013.48071289 2014.23339844 2014.82507324 2015.52734375 2016.11779785 2016.67443848 2017.26147461 2017.86682129 2018.50830078
1985.14746094 1986.14550781 1986.95324707 1987.79077148 1988.48303223 1989.24157715 1990.05224609 1990.8996582 1991.65319824 1992.37573242 1993.1986084 1994.32507324 1994.97277832 1995.62573242 1996.58374023 1997.28369141 1998.15344238 1998.70544434 1999.46691895 2000.3338623 2001.06030273 2001.91101074 2002.64025879 2003.45495605 2003.81018066 2004.44897461 2004.98303223 2005.64086914 2006.0579834 2006.56567383 2007.10339355 2007.61560059 2008.19506836 2008.91308594 2009.61706543 2010.20935059 2010.83349609 2011.46679688 2012.01428223 2012.73376465 2013.45129395 2014.21533203 2014.89050293 2015.5958252 2016.23657227 2016.84509277 2017.44909668 2018.05273438 2018.68371582 2019.32299805
