greysriver.asc
NCOLS  455
NROWS  217
xllcorner    512706.500000000000
yllcorner    4769229.500000000000
cellsize     1.000000000000
NODATA_value -3.4028234663852901093e+38
[rows 46 to 68 of 217, columns 0 to 49 of 455]
1952.06286621 1950.62695312 1949.11730957 1947.84301758 1946.78430176 1945.63085938 1944.27490234 1942.93615723 1941.53503418 1940.24560547 1938.86047363 1937.78991699 1936.95080566 1936.06982422 1935.06982422 1934.09057617 1933.01647949 1931.93066406 1931.26928711 1930.79748535 1930.22692871 1929.67578125 1929.10375977 1928.39343262 1927.84130859 1927.14208984 1926.38256836 1925.59326172 1924.84472656 1924.10070801 1923.44335938 1922.84631348 1922.40490723 1922.00024414 1921.52880859 1921.11877441 1920.71459961 1920.15527344 1919.67590332 1919.06665039 1918.49035645 1918.09118652 1917.68920898 1917.03857422 1916.59082031 1916.01464844 1915.34875488 1914.78186035 1913.98974609 1913.26953125
1952.1505127 1950.80847168 1949.31359863 1948.02575684 1946.71472168 1945.47119141 1944.2154541 1942.86999512 1941.60583496 1940.38806152 1938.94519043 1937.90576172 1936.94018555 1936.05834961 1935.12902832 1934.24511719 1933.13049316 1932.24597168 1931.57592773 1930.82751465 1930.0020752 1929.28344727 1928.56994629 1927.73999023 1926.99707031 1926.36730957 1925.70068359 1925.0579834 1924.29504395 1923.73840332 1923.23376465 1922.6920166 1922.31750488 1921.93884277 1921.55493164 1921.16809082 1920.90270996 1920.52416992 1920.01000977 1919.51647949 1919.0324707 1918.5723877 1918.13562012 1917.77807617 1917.09484863 1916.24597168 1915.72143555 1915.14941406 1914.3404541 1913.57397461
1952.26623535 1950.81030273 1949.5892334 1948.29956055 1946.85803223 1945.51159668 1944.14562988 1942.93273926 1941.48083496 1940.16760254 1939.07971191 1938.04846191 1936.98547363 1935.84680176 1934.94287109 1934.1126709 1933.1184082 1932.34179688 1931.70275879 1930.87768555 1929.92004395 1928.77966309 1927.98852539 1927.24438477 1926.52685547 1925.83129883 1925.24890137 1924.69018555 1924.14892578 1923.56542969 1922.98071289 1922.65075684 1922.21313477 1921.82556152 1921.45056152 1921.09814453 1920.90356445 1920.62414551 1920.1932373 1919.90698242 1919.5645752 1918.87451172 1918.37670898 1917.75598145 1917.17004395 1916.4954834 1915.93652344 1915.17016602 1914.35644531 1913.45544434
1952.27148438 1950.93664551 1949.78320312 1948.35107422 1946.79699707 1945.41503906 1943.96020508 1942.76330566 1941.33642578 1940.23718262 1939.30090332 1938.18359375 1937.00512695 1935.67602539 1934.87121582 1934.11523438 1933.19580078 1932.3671875 1931.6270752 1930.92773438 1929.95910645 1928.67089844 1927.57885742 1926.63183594 1925.9453125 1925.29858398 1924.99145508 1924.54370117 1924.0456543 1923.46777344 1922.80200195 1922.3527832 1921.99462891 1921.69030762 1921.30664062 1921.04223633 1920.85742188 1920.59521484 1920.26953125 1919.93383789 1919.53027344 1918.94128418 1918.53063965 1917.88977051 1917.10546875 1916.44226074 1915.80371094 1914.96838379 1914.17028809 1913.25219727
1952.29956055 1951.0291748 1949.61486816 1948.22509766 1946.76391602 1945.31945801 1943.94946289 1942.63513184 1941.44946289 1940.49804688 1939.46398926 1938.30224609 1937.1151123 1935.82983398 1934.84204102 1934.05603027 1933.14709473 1932.32861328 1931.53771973 1930.82800293 1930.13415527 1929.02526855 1927.92443848 1926.71594238 1925.63085938 1925.14709473 1924.71887207 1924.19091797 1923.62768555 1923.09411621 1922.53466797 1922.20080566 1921.98181152 1921.67126465 1921.27124023 1920.93469238 1920.65893555 1920.46008301 1920.18334961 1919.94189453 1919.52990723 1918.92114258 1918.47497559 1917.90966797 1916.91552734 1916.10668945 1915.36108398 1914.52978516 1913.77514648 1912.93469238
1952.65270996 1951.29272461 1949.65075684 1947.98803711 1946.54760742 1945.14599609 1943.87158203 1942.62097168 1941.72070312 1940.67272949 1939.66918945 1938.5793457 1937.1887207 1936.18078613 1935.26293945 1934.31018066 1933.32275391 1932.35437012 1931.39526367 1930.57641602 1929.78527832 1928.80383301 1927.6484375 1926.54296875 1925.55957031 1924.83105469 1924.25378418 1923.60620117 1923.18151855 1922.78735352 1922.45861816 1922.18676758 1921.85192871 1921.51452637 1921.1583252 1920.8671875 1920.60925293 1920.21679688 1919.96533203 1919.70947266 1919.37805176 1918.68823242 1918.28100586 1917.64599609 1916.61291504 1915.74487305 1914.94055176 1914.11694336 1913.31567383 1912.49206543
1952.78344727 1951.25683594 1949.54492188 1947.91394043 1946.47875977 1945.00048828 1943.93505859 1942.86779785 1941.93713379 1940.89086914 1939.88598633 1938.74658203 1937.58789062 1936.53295898 1935.70422363 1934.65368652 1933.60925293 1932.45471191 1931.38708496 1930.39282227 1929.39294434 1928.3494873 1927.15710449 1926.3293457 1925.48217773 1924.50134277 1923.76293945 1923.11621094 1922.71044922 1922.4588623 1922.27819824 1922.12145996 1921.84204102 1921.49353027 1921.16052246 1920.81494141 1920.56567383 1920.09387207 1919.72790527 1919.3125 1918.91564941 1918.42102051 1917.83325195 1916.98974609 1916.20507812 1915.17529297 1914.3034668 1913.41296387 1912.51953125 1911.74536133
1952.54211426 1951.24328613 1949.48950195 1947.93469238 1946.5802002 1945.15942383 1944.03796387 1942.91247559 1941.84545898 1940.88098145 1939.93920898 1938.96032715 1937.91638184 1936.89331055 1935.9473877 1934.734375 1933.70288086 1932.43334961 1931.29748535 1930.23974609 1929.12536621 1927.95556641 1926.68286133 1925.63928223 1924.86218262 1924.11230469 1923.49829102 1923.06298828 1922.65209961 1922.48510742 1922.27734375 1921.91064453 1921.61816406 1921.38586426 1921.10095215 1920.7701416 1920.34606934 1919.93249512 1919.46777344 1918.99926758 1918.60559082 1918.06628418 1917.42102051 1916.6229248 1915.61621094 1914.5970459 1913.66333008 1912.81188965 1911.97436523 1911.19470215
1952.44042969 1951.18103027 1949.5020752 1948.26879883 1946.82922363 1945.40490723 1944.02563477 1942.90307617 1941.76220703 1940.69042969 1939.71472168 1938.80407715 1937.86779785 1936.86975098 1935.78076172 1934.59399414 1933.46533203 1932.32885742 1931.10571289 1929.92932129 1928.7878418 1927.45605469 1926.33251953 1925.32836914 1924.72631836 1924.20935059 1923.76794434 1923.27050781 1922.7578125 1922.38171387 1922.10852051 1921.89111328 1921.6229248 1921.21533203 1920.71606445 1920.32543945 1920.06115723 1919.63867188 1919.30615234 1918.81286621 1918.17626953 1917.51464844 1916.859375 1915.98059082 1914.93066406 1913.96984863 1913.01806641 1912.02258301 1911.09741211 1910.57385254
1952.29833984 1950.92529297 1949.45544434 1948.0949707 1946.82458496 1945.44116211 1944.13134766 1942.89904785 1941.76135254 1940.70874023 1939.71008301 1938.6472168 1937.58679199 1936.42602539 1935.22192383 1934.10864258 1933.05822754 1931.90710449 1930.64196777 1929.69543457 1928.60778809 1927.421875 1926.24304199 1925.39111328 1924.9050293 1924.42956543 1924.05737305 1923.60070801 1923.11694336 1922.67614746 1922.23583984 1921.8190918 1921.55773926 1921.17272949 1920.58251953 1920.17626953 1919.77404785 1919.23742676 1918.72558594 1918.30236816 1917.68005371 1916.98632812 1916.18273926 1915.27368164 1914.24829102 1913.21032715 1912.29089355 1911.45019531 1910.87243652 1910.42736816
1952.30358887 1950.82263184 1949.29504395 1947.93237305 1946.73498535 1945.46313477 1944.16833496 1942.95837402 1941.80285645 1940.56396484 1939.25341797 1938.24841309 1936.98278809 1935.74938965 1934.67199707 1933.60412598 1932.62512207 1931.66992188 1930.59741211 1929.63769531 1928.77526855 1927.59594727 1926.7265625 1926.04162598 1925.38537598 1924.96411133 1924.60351562 1924.20800781 1923.80065918 1923.18347168 1922.75622559 1922.32263184 1921.9921875 1921.59619141 1920.92663574 1920.28356934 1919.69812012 1919.04431152 1918.58117676 1917.94311523 1917.18859863 1916.3536377 1915.53808594 1914.68164062 1913.70397949 1912.68994141 1911.72851562 1910.9609375 1910.5456543 1910.71838379
1952.04650879 1950.74353027 1949.21838379 1947.85534668 1946.5637207 1945.38671875 1944.03393555 1942.77209473 1941.55004883 1940.05615234 1938.79748535 1937.60229492 1936.41748047 1935.48352051 1934.44787598 1933.44799805 1932.34960938 1931.4420166 1930.53259277 1929.75634766 1929.14904785 1928.30688477 1927.45263672 1926.84741211 1926.1048584 1925.53393555 1925.13085938 1924.7401123 1924.32836914 1923.82141113 1923.39111328 1923.01000977 1922.59753418 1922.08300781 1921.44287109 1920.73962402 1920.11169434 1919.35144043 1918.57922363 1917.76574707 1916.96813965 1916.0213623 1914.80737305 1913.80493164 1913.01013184 1912.34533691 1911.56591797 1911.03442383 1910.78771973 1910.5793457
1951.87878418 1950.58972168 1949.26159668 1947.74829102 1946.46740723 1945.05883789 1943.83679199 1942.52575684 1941.2923584 1939.83410645 1938.6418457 1937.42041016 1935.96679688 1934.93225098 1934.15612793 1933.18811035 1932.18505859 1931.17248535 1930.3671875 1929.79919434 1929.14807129 1928.60327148 1928.00646973 1927.36096191 1926.56994629 1926.09619141 1925.6348877 1925.22827148 1924.85021973 1924.35168457 1923.99853516 1923.63818359 1923.14196777 1922.54138184 1921.95581055 1921.26806641 1920.55419922 1919.67724609 1918.7565918 1917.66992188 1916.80432129 1915.80249023 1914.43310547 1913.45019531 1912.74707031 1912.18481445 1911.55432129 1911.0592041 1910.79077148 1910.68212891
1951.92468262 1950.36560059 1949.16687012 1947.76245117 1946.38989258 1945.07775879 1943.68530273 1942.3458252 1940.8482666 1939.63720703 1938.20935059 1937.01757812 1935.8939209 1934.96569824 1934.0300293 1933.07446289 1932.08032227 1931.04101562 1930.2265625 1929.64685059 1929.24865723 1928.88647461 1928.21337891 1927.56323242 1927.0020752 1926.40820312 1926.0255127 1925.5402832 1925.17358398 1924.80090332 1924.34716797 1923.93713379 1923.47302246 1922.93212891 1922.4552002 1921.74890137 1920.90197754 1919.96252441 1918.91369629 1917.62878418 1916.42919922 1915.33361816 1914.41357422 1913.63671875 1912.69030762 1912.00976562 1911.60217285 1911.0378418 1910.88549805 1910.78735352
1951.92004395 1950.36071777 1949.16113281 1947.65063477 1946.33996582 1945.07141113 1943.71618652 1942.30725098 1941.02172852 1939.80615234 1938.35070801 1936.9588623 1935.80371094 1934.92529297 1933.99206543 1933.07299805 1932.14855957 1931.40087891 1930.5447998 1929.79663086 1929.39758301 1928.99414062 1928.50048828 1927.91015625 1927.29089355 1926.7668457 1926.25842285 1925.85534668 1925.50305176 1925.12097168 1924.59643555 1924.11682129 1923.68200684 1923.18212891 1922.70751953 1921.93432617 1920.96203613 1920.10070801 1918.87939453 1917.32836914 1915.9362793 1915.06628418 1914.40112305 1913.6932373 1912.81152344 1912.1932373 1911.64074707 1911.15893555 1910.87121582 1910.92663574
1952.01208496 1950.59851074 1948.94030762 1947.61096191 1946.36401367 1945.19946289 1943.78088379 1942.40087891 1941.13049316 1939.94812012 1938.71484375 1937.0111084 1935.90393066 1935.00500488 1934.35192871 1933.17944336 1932.07202148 1931.42175293 1930.7154541 1930.15039062 1929.77380371 1929.36755371 1928.87658691 1928.27697754 1927.63330078 1927.01428223 1926.58044434 1926.20141602 1925.70080566 1925.16955566 1924.74768066 1924.2598877 1923.7635498 1923.19335938 1922.5559082 1921.84667969 1920.94726562 1920.05517578 1918.77819824 1917.21081543 1915.86633301 1915.15014648 1914.48730469 1913.73815918 1913.07092285 1912.33215332 1911.73266602 1911.39990234 1911.34863281 1910.9666748
1951.79846191 1950.27246094 1948.67041016 1947.42724609 1946.10961914 1944.79211426 1943.70336914 1942.44750977 1941.29931641 1940.02160645 1938.6439209 1937.25878906 1936.01477051 1935.08691406 1934.26062012 1933.13293457 1932.00073242 1931.17370605 1930.53540039 1929.9831543 1929.73034668 1929.32458496 1929.02648926 1928.50109863 1927.91687012 1927.21118164 1926.72766113 1926.36303711 1925.79199219 1925.24316406 1924.80310059 1924.31225586 1923.72277832 1923.1171875 1922.43469238 1921.69787598 1920.94995117 1920.07409668 1918.828125 1917.3984375 1916.20031738 1915.26538086 1914.56884766 1913.8515625 1913.1730957 1912.4041748 1911.70507812 1911.31005859 1911.20300293 1911.07470703
1951.48571777 1950.03869629 1948.5838623 1947.18457031 1945.77539062 1944.49768066 1943.36328125 1942.13513184 1941.17224121 1939.99816895 1938.6796875 1937.47900391 1936.39831543 1935.51306152 1934.63842773 1932.99157715 1931.53662109 1930.72851562 1930.34265137 1930.02685547 1929.73291016 1929.40454102 1929.04699707 1928.5546875 1927.89929199 1927.2857666 1926.83215332 1926.43041992 1925.68371582 1925.06848145 1924.60168457 1924.10766602 1923.61474609 1923.00683594 1922.34558105 1921.60852051 1920.77783203 1919.81445312 1918.88525391 1917.81872559 1916.7175293 1915.68054199 1914.75219727 1914.02001953 1913.03173828 1912.40710449 1911.84509277 1911.53710938 1911.37109375 1911.22485352
1951.42285156 1949.94604492 1948.5324707 1947.30847168 1945.8873291 1944.62219238 1943.55895996 1942.23706055 1941.10791016 1939.97497559 1938.78369141 1937.42675781 1936.47570801 1935.51135254 1934.39013672 1933.08068848 1931.64770508 1930.72729492 1930.09655762 1929.79772949 1929.53771973 1929.28259277 1928.95800781 1928.4543457 1927.70996094 1927.25305176 1926.72021484 1926.01538086 1925.48986816 1924.94421387 1924.45214844 1923.93347168 1923.4284668 1922.82397461 1922.15917969 1921.49084473 1920.67785645 1919.6829834 1918.84716797 1917.85888672 1916.88122559 1915.89428711 1914.92712402 1914.01281738 1913.12878418 1912.63122559 1912.01757812 1911.75219727 1911.65441895 1911.45019531
1951.81396484 1950.30981445 1948.83276367 1947.5970459 1946.22460938 1944.99182129 1944.0098877 1942.6184082 1941.28430176 1940.0501709 1938.83630371 1937.4732666 1936.28210449 1934.87036133 1933.96020508 1933.02038574 1931.83605957 1930.55639648 1929.96398926 1929.55847168 1929.29589844 1929.24768066 1929.00549316 1928.20532227 1927.50256348 1926.90283203 1926.36828613 1925.8326416 1925.28564453 1924.84191895 1924.37402344 1923.83032227 1923.34399414 1922.69799805 1922.00964355 1921.39477539 1920.56384277 1919.56640625 1918.64367676 1917.69628906 1916.73950195 1915.82763672 1914.98413086 1914.1307373 1913.39172363 1912.86035156 1912.61022949 1912.24584961 1911.97729492 1911.75524902
1951.84338379 1950.6463623 1949.17272949 1947.84777832 1946.42993164 1945.29870605 1944.28027344 1942.94799805 1941.54748535 1940.28479004 1938.89453125 1937.66870117 1936.40600586 1935.07019043 1933.84875488 1932.7598877 1931.53405762 1930.35107422 1929.83544922 1929.4732666 1929.12878418 1928.96948242 1928.67407227 1927.96899414 1927.25256348 1926.62341309 1926.14208984 1925.59204102 1925.11523438 1924.69311523 1924.23828125 1923.70068359 1923.24707031 1922.53344727 1921.81640625 1921.10949707 1920.32336426 1919.34570312 1918.42016602 1917.71655273 1916.72558594 1915.89868164 1915.13024902 1914.40698242 1913.79638672 1913.19189453 1913.14501953 1912.73449707 1912.42248535 1912.44006348
1951.92492676 1950.80175781 1949.35583496 1948.03186035 1946.73022461 1945.66906738 1944.42480469 1943.13671875 1941.74133301 1940.43859863 1939.11376953 1937.85864258 1936.6439209 1935.35888672 1933.95996094 1932.80090332 1931.5690918 1930.41296387 1929.70031738 1929.39196777 1929.06604004 1928.71447754 1928.35351562 1927.73291016 1927.05065918 1926.52124023 1925.97741699 1925.43652344 1925.0480957 1924.66345215 1924.21325684 1923.57080078 1922.98278809 1922.33642578 1921.63537598 1920.85375977 1920.10644531 1919.25891113 1918.51831055 1917.87390137 1917.12915039 1916.34741211 1915.55688477 1914.69238281 1914.10314941 1913.59790039 1913.234375 1912.78991699 1912.46313477 1912.6385498
1952.20178223 1950.93786621 1949.57678223 1948.23876953 1946.93395996 1945.68603516 1944.49719238 1943.17126465 1941.81225586 1940.60876465 1939.32910156 1937.98461914 1936.74108887 1935.36791992 1934.08825684 1933.01953125 1931.87963867 1930.72241211 1929.84887695 1929.35180664 1928.90881348 1928.44580078 1928.01953125 1927.4777832 1926.84912109 1926.40942383 1925.78393555 1925.2623291 1924.78210449 1924.39685059 1923.84216309 1923.31103516 1922.79785156 1922.16967773 1921.46789551 1920.73779297 1919.9465332 1919.33435059 1918.73803711 1918.20336914 1917.54150391 1916.86047363 1915.9420166 1915.08874512 1914.40966797 1914.28308105 1913.49035645 1913.10705566 1912.77355957 1912.74658203
