greysriver.asc
NCOLS  455
NROWS  217
xllcorner    512706.500000000000
yllcorner    4769229.500000000000
cellsize     1.000000000000
NODATA_value -3.4028234663852901093e+38
[rows 69 to 91 of 217, columns 300 to 349 of 455]
1950.19641113 1950.80371094 1951.88378906 1952.70300293 1953.44934082 1954.05566406 1954.53076172 1955.19433594 1956.0045166 1956.87243652 1957.72912598 1958.62756348 1959.44702148 1960.31884766 1961.18481445 1962.22924805 1963.35766602 1964.48364258 1965.50097656 1966.45788574 1967.38305664 1968.35339355 1969.46508789 1970.4317627 1971.42150879 1972.2791748 1973.31433105 1974.11169434 1974.95043945 1975.71643066 1976.4798584 1977.37695312 1978.31604004 1979.19165039 1980.26403809 1981.23742676 1982.06420898 1982.9630127 1983.73010254 1984.43688965 1985.20092773 1986.08752441 1986.78955078 1987.61035156 1988.31335449 1989.12646484 1990.109375 1990.78601074 1991.62976074 1992.45446777
1949.92346191 1950.89733887 1951.88464355 1952.66430664 1953.34411621 1953.96191406 1954.5904541 1955.2409668 1955.9284668 1956.7611084 1957.63452148 1958.43640137 1959.2755127 1960.07141113 1960.9666748 1962.12182617 1963.17407227 1964.26245117 1965.19042969 1966.39819336 1967.13598633 1968.33178711 1969.22265625 1970.02246094 1971.00805664 1971.98925781 1972.87890625 1973.53161621 1974.3046875 1974.92041016 1975.66955566 1976.66394043 1977.70825195 1978.68786621 1979.58178711 1980.49645996 1981.46386719 1982.35144043 1983.0612793 1983.52758789 1984.32580566 1985.13464355 1986.05444336 1986.87194824 1987.70288086 1988.58166504 1989.35180664 1990.27307129 1991.22802734 1992.09667969
1949.85266113 1950.6307373 1951.23754883 1952.05847168 1952.96875 1953.78564453 1954.56359863 1955.19104004 1955.95874023 1956.86865234 1957.66027832 1958.24597168 1959.00036621 1959.89746094 1960.85864258 1961.92138672 1963.03308105 1963.9934082 1964.96435547 1965.84631348 1966.87658691 1967.6895752 1968.71362305 1969.57141113 1970.51818848 1971.35119629 1972.24035645 1972.73632812 1973.24975586 1973.90661621 1974.83691406 1975.8560791 1977.00524902 1978.00024414 1978.89453125 1979.70751953 1980.49621582 1981.25061035 1981.8112793 1982.40869141 1983.22387695 1984.1217041 1984.71850586 1986.02807617 1986.64489746 1987.37573242 1988.2010498 1989.19104004 1990.37817383 1991.3885498
1948.93347168 1949.62304688 1950.51147461 1951.39868164 1952.48815918 1953.45385742 1954.26806641 1955.10290527 1956.13696289 1957.15136719 1957.9765625 1958.41052246 1959.0690918 1960.34472656 1961.11682129 1961.9822998 1962.85900879 1963.86096191 1964.68200684 1965.5291748 1966.2598877 1967.08251953 1967.83557129 1968.74694824 1969.70141602 1970.44128418 1971.06640625 1971.66662598 1972.37194824 1973.27258301 1974.10424805 1975.01928711 1976.10510254 1976.99731445 1978.04321289 1978.76806641 1979.44165039 1980.06530762 1980.56298828 1981.87536621 1982.83898926 1983.6739502 1984.61608887 1985.96032715 1986.77844238 1987.24035645 1987.95153809 1988.49035645 1989.57043457 1990.03967285
1947.87231445 1949.00817871 1949.71813965 1950.65698242 1951.89013672 1953.20422363 1954.35327148 1955.61877441 1956.48803711 1957.43029785 1958.4630127 1959.12402344 1959.58068848 1960.5378418 1961.3092041 1962.1953125 1962.8782959 1963.5958252 1964.35095215 1964.90039062 1965.49108887 1966.22753906 1967.07543945 1967.98400879 1968.75976562 1969.48510742 1970.22412109 1971.17089844 1972.2833252 1973.10974121 1973.88513184 1974.46630859 1975.23327637 1976.12158203 1977.29467773 1978.35998535 1979.10241699 1980.69042969 1981.7845459 1982.70349121 1983.67407227 1984.54016113 1985.56738281 1986.64562988 1987.37341309 1987.88500977 1988.62805176 1989.47387695 1990.29650879 1991.00024414
1947.59960938 1948.20947266 1948.73803711 1949.54223633 1951.16821289 1952.9979248 1954.58874512 1955.80834961 1956.77307129 1957.52075195 1958.30737305 1958.84240723 1959.38391113 1960.11022949 1960.96032715 1961.68762207 1962.26831055 1963.03295898 1963.54516602 1963.81958008 1965.06799316 1966.3404541 1966.94836426 1967.83105469 1968.73974609 1969.72619629 1970.57458496 1971.44189453 1972.44897461 1973.30737305 1973.94750977 1974.55285645 1975.36547852 1976.06237793 1977.05163574 1978.18603516 1979.70141602 1981.15991211 1982.31640625 1983.48144531 1984.41943359 1985.3302002 1986.16845703 1986.97290039 1987.73535156 1988.37304688 1989.22131348 1990.15930176 1990.9564209 1991.90979004
1949.0111084 1949.65649414 1950.11804199 1950.32043457 1950.65795898 1952.0267334 1953.69104004 1955.00476074 1956.11120605 1957.10070801 1957.52001953 1958.07104492 1958.53686523 1959.43579102 1960.11865234 1960.69335938 1961.33288574 1961.56079102 1962.9732666 1964.35656738 1965.52026367 1966.31408691 1966.95617676 1967.83837891 1968.76098633 1969.8848877 1970.75012207 1971.27307129 1972.11987305 1973.40686035 1974.21496582 1975.05432129 1975.80639648 1976.60986328 1977.76367188 1978.90612793 1980.46289062 1981.6619873 1982.71520996 1983.76184082 1984.98449707 1985.93371582 1986.76879883 1987.7598877 1988.48242188 1989.1697998 1989.9107666 1990.74206543 1991.42370605 1992.20959473
1950.13684082 1950.70751953 1951.28222656 1951.61791992 1951.89001465 1951.88122559 1952.77746582 1953.81677246 1954.43920898 1955.4934082 1956.06945801 1956.74853516 1957.38439941 1958.54699707 1959.16577148 1960.2331543 1961.05151367 1962.296875 1963.61962891 1964.80834961 1965.96533203 1966.76281738 1967.35461426 1968.15600586 1968.80029297 1969.77050781 1970.4564209 1971.0826416 1971.95495605 1973.77758789 1974.85644531 1975.85400391 1976.73364258 1977.83996582 1978.89001465 1979.74377441 1981.00976562 1982.1998291 1983.32666016 1984.53942871 1985.57092285 1986.56628418 1987.47546387 1988.41882324 1989.4720459 1990.25427246 1990.98388672 1991.76379395 1992.45654297 1993.14660645
1950.68237305 1951.37915039 1952.04882812 1952.55541992 1953.08972168 1953.52026367 1954.08837891 1954.82495117 1955.5246582 1955.90966797 1956.92919922 1957.73974609 1958.53344727 1959.42382812 1960.26794434 1961.15856934 1962.04284668 1963.0501709 1964.10546875 1965.15563965 1966.11047363 1966.9564209 1967.92260742 1968.65405273 1969.06103516 1969.51806641 1970.41845703 1971.18798828 1972.13867188 1973.8260498 1975.4822998 1976.5189209 1977.5982666 1978.69555664 1979.71899414 1980.69934082 1981.74353027 1982.84082031 1984.19104004 1985.17480469 1986.12976074 1987.1862793 1988.31262207 1989.36499023 1990.22692871 1991.03491211 1991.84594727 1992.61828613 1993.42675781 1994.05871582
1950.99072266 1951.67614746 1952.4107666 1953.06677246 1953.72583008 1954.74658203 1955.2845459 1955.89208984 1956.2767334 1956.88391113 1957.63293457 1958.34912109 1959.24072266 1960.20959473 1961.06066895 1962.3046875 1962.95983887 1963.70825195 1964.48669434 1965.42260742 1966.49853516 1967.13208008 1968.0847168 1968.94152832 1969.39123535 1969.79174805 1970.43603516 1971.51733398 1973.00708008 1974.52478027 1975.84802246 1977.16418457 1978.22790527 1979.42407227 1980.46130371 1981.53894043 1982.50866699 1983.63317871 1984.74987793 1985.81518555 1986.90612793 1988.07897949 1989.25256348 1990.3996582 1991.17687988 1992.07128906 1992.88256836 1993.76220703 1994.33947754 1995.00109863
1951.36901855 1951.99121094 1952.55310059 1953.3248291 1953.86755371 1954.57714844 1955.37390137 1955.78808594 1956.3515625 1957.16650391 1958.04846191 1959.05212402 1959.93786621 1960.90576172 1961.91491699 1962.96801758 1963.75463867 1964.49902344 1965.31445312 1966.26599121 1967.19543457 1968.00256348 1968.82092285 1969.50134277 1970.04040527 1970.37084961 1971.38354492 1972.76513672 1974.23217773 1975.49353027 1976.52709961 1977.75805664 1978.9041748 1980.06323242 1981.28149414 1982.17980957 1983.28686523 1984.36303711 1985.48095703 1986.56005859 1987.76428223 1988.93933105 1990.19274902 1991.31030273 1992.27539062 1993.14208984 1993.95605469 1994.65380859 1995.40344238 1996.13537598
1952.1472168 1952.3692627 1953.1060791 1954.11572266 1954.58984375 1955.2244873 1955.95178223 1956.52941895 1957.33911133 1958.05517578 1959.11828613 1960.06665039 1960.87524414 1961.98388672 1962.9152832 1963.96008301 1964.67749023 1965.57385254 1966.43212891 1967.19140625 1968.05480957 1968.94226074 1969.68103027 1970.47180176 1971.12658691 1972.02661133 1972.95166016 1974.5501709 1975.22436523 1976.26611328 1977.3026123 1978.43737793 1979.58129883 1980.71777344 1981.82678223 1982.86413574 1983.88964844 1984.92041016 1986.1809082 1987.36682129 1988.61669922 1989.99389648 1991.24829102 1992.2779541 1993.24987793 1994.04699707 1994.77380371 1995.64196777 1996.41552734 1997.13635254
1952.6875 1953.17883301 1953.83166504 1954.71862793 1955.40393066 1956.08874512 1956.90466309 1957.56323242 1958.29284668 1959.10522461 1960.10668945 1961.05761719 1961.8651123 1962.99572754 1963.77966309 1964.66674805 1965.64147949 1966.54504395 1967.41064453 1968.15771484 1968.93322754 1969.80322266 1970.8503418 1971.49658203 1972.06848145 1972.98364258 1974.12280273 1974.93713379 1976.06604004 1977.07250977 1978.07580566 1979.3885498 1980.42224121 1981.50671387 1982.56237793 1983.6574707 1984.58361816 1985.70202637 1986.99487305 1988.14807129 1989.40795898 1990.64196777 1992.02587891 1993.10217285 1993.90649414 1994.80175781 1995.51831055 1996.43896484 1997.29248047 1998.13208008
1953.23657227 1953.95947266 1954.59228516 1955.48071289 1956.38195801 1957.19152832 1958.01220703 1958.64318848 1959.28979492 1960.05383301 1961.00134277 1961.94921875 1962.76269531 1963.73046875 1964.71154785 1965.63330078 1966.44213867 1967.33496094 1968.31359863 1968.9654541 1969.69018555 1970.69018555 1971.74682617 1972.55065918 1973.18347168 1973.9921875 1975.06726074 1976.02587891 1976.97045898 1977.98950195 1978.88476562 1980.21618652 1981.39587402 1982.50756836 1983.51940918 1984.48681641 1985.35620117 1986.60339355 1987.6619873 1988.83117676 1990.01989746 1991.11633301 1992.43737793 1993.61462402 1994.46240234 1995.3770752 1996.19250488 1997.11975098 1998.00817871 1998.77258301
1954.07849121 1954.8494873 1955.40270996 1956.41845703 1957.35229492 1958.11474609 1959.18505859 1959.64050293 1960.30456543 1961.15234375 1961.95300293 1962.9831543 1963.5045166 1964.84838867 1965.72363281 1966.62609863 1967.23034668 1968.15185547 1969.07629395 1969.78649902 1970.5291748 1971.48010254 1972.45068359 1973.4543457 1974.28552246 1975.18591309 1976.21386719 1977.08642578 1977.99328613 1978.8659668 1980.0793457 1981.09338379 1982.27661133 1983.30358887 1984.27905273 1985.19250488 1986.09729004 1987.15270996 1988.19726562 1989.50927734 1990.69445801 1991.81896973 1993.03808594 1994.06420898 1994.88049316 1995.7253418 1996.74206543 1997.59130859 1998.49243164 1999.2923584
1954.87390137 1955.62890625 1956.44396973 1957.49279785 1958.44238281 1959.1184082 1959.93701172 1960.63464355 1961.28735352 1962.13928223 1963.13830566 1963.75939941 1964.70898438 1965.9005127 1966.56945801 1967.5592041 1968.41113281 1969.1439209 1969.92150879 1970.64880371 1971.56787109 1972.38378906 1973.35449219 1974.39147949 1975.11682129 1976.24731445 1977.15234375 1977.9609375 1978.9107666 1979.70275879 1980.94152832 1981.93408203 1982.97814941 1983.92016602 1984.8182373 1985.75537109 1986.79663086 1987.80883789 1988.99462891 1990.21691895 1991.23547363 1992.31921387 1993.54516602 1994.51281738 1995.44152832 1996.34619141 1997.30358887 1998.14025879 1998.96081543 1999.73950195
1955.76135254 1956.48217773 1957.31774902 1958.41320801 1959.40515137 1960.22973633 1961.07556152 1961.77844238 1962.15466309 1963.14306641 1963.96398926 1964.80517578 1965.70361328 1966.67541504 1967.49255371 1968.54101562 1969.26855469 1970.12805176 1970.87841797 1971.68518066 1972.44128418 1973.31591797 1974.31555176 1975.12536621 1975.91870117 1976.86572266 1977.90881348 1978.68212891 1979.5378418 1980.35705566 1981.4732666 1982.52563477 1983.53869629 1984.52563477 1985.40576172 1986.35424805 1987.30517578 1988.62609863 1989.36914062 1990.46984863 1991.59179688 1992.74816895 1993.92211914 1995.01245117 1995.9901123 1996.92236328 1997.9083252 1998.76550293 1999.55432129 2000.39025879
1956.64819336 1957.42675781 1958.21923828 1959.29345703 1960.14208984 1960.8840332 1961.66772461 1962.3828125 1963.20458984 1963.95715332 1964.75317383 1965.62695312 1966.66894531 1967.61828613 1968.35961914 1969.28308105 1970.09997559 1970.88012695 1971.7019043 1972.51171875 1973.29931641 1974.14929199 1975.14599609 1975.73706055 1976.61108398 1977.58239746 1978.43737793 1979.44262695 1980.15673828 1981.01916504 1981.93078613 1982.81213379 1984.02990723 1984.92492676 1985.92529297 1986.78930664 1987.76379395 1988.82861328 1989.82666016 1991.00244141 1992.03991699 1993.32800293 1994.47668457 1995.60131836 1996.6105957 1997.64697266 1998.54138184 1999.37756348 2000.19470215 2001.26928711
1957.47558594 1958.21044922 1958.97485352 1959.84020996 1960.83251953 1961.59484863 1962.35107422 1963.11169434 1963.92749023 1965.04711914 1965.90771484 1966.73999023 1967.6340332 1968.51660156 1969.14758301 1969.94567871 1970.76391602 1971.47607422 1972.27807617 1973.12756348 1973.93603516 1974.82202148 1975.53198242 1976.33666992 1977.30957031 1978.45788574 1978.97497559 1979.79626465 1980.73937988 1981.3416748 1982.26159668 1983.17626953 1984.34436035 1985.3692627 1986.50524902 1987.3494873 1988.37011719 1989.31652832 1990.39379883 1991.47338867 1992.65661621 1993.93151855 1995.05029297 1996.1784668 1997.13586426 1998.15063477 1998.97741699 1999.86877441 2000.89379883 2001.72998047
1958.09387207 1958.87194824 1959.74035645 1960.5012207 1961.33410645 1962.18823242 1963.06079102 1963.85522461 1964.68652344 1965.62744141 1966.50292969 1967.3359375 1968.50585938 1969.10632324 1970.08300781 1970.72094727 1971.41906738 1972.1081543 1972.87817383 1973.76123047 1974.63708496 1975.34655762 1976.08300781 1977.04760742 1977.94677734 1978.81018066 1979.65600586 1980.38867188 1981.04321289 1981.96252441 1982.94970703 1983.82507324 1984.84692383 1986.25842285 1987.16503906 1988.0703125 1988.99084473 1990.01293945 1991.13439941 1992.26940918 1993.37658691 1994.54614258 1995.5982666 1996.54199219 1997.56152344 1998.60644531 1999.51989746 2000.38916016 2001.26281738 2002.17004395
1958.80712891 1959.36889648 1960.19616699 1961.03942871 1961.89599609 1962.80224609 1963.55249023 1964.40185547 1965.25463867 1966.05310059 1966.85388184 1967.67749023 1968.55310059 1969.52770996 1970.49108887 1971.35070801 1972.1673584 1972.93164062 1973.70605469 1974.47351074 1975.42114258 1976.19799805 1976.83129883 1977.73449707 1978.58569336 1979.45263672 1980.28063965 1981.15319824 1982.00146484 1982.74914551 1983.70629883 1984.59936523 1985.7442627 1986.98010254 1987.99475098 1988.8984375 1989.78088379 1990.86083984 1991.95617676 1992.89074707 1993.97192383 1994.99804688 1995.9855957 1996.97229004 1997.88269043 1998.88439941 1999.92126465 2000.74816895 2001.56164551 2002.55004883
1959.25891113 1960.02685547 1960.81384277 1961.53564453 1962.38879395 1963.30541992 1964.04980469 1964.84326172 1965.66809082 1966.65893555 1967.375 1968.11987305 1969.15356445 1970.1517334 1971.12646484 1972.0189209 1972.90197754 1973.75622559 1974.45947266 1975.28466797 1976.25354004 1976.86254883 1977.62084961 1978.79455566 1979.4798584 1980.41052246 1981.02380371 1981.87841797 1982.65100098 1983.58447266 1984.56799316 1985.41479492 1986.57775879 1987.4888916 1988.68054199 1989.65917969 1990.56018066 1991.53967285 1992.48535156 1993.54663086 1994.39660645 1995.31079102 1996.21960449 1997.14501953 1998.11706543 1999.07739258 1999.97021484 2000.8112793 2001.77954102 2002.72961426
1959.7911377 1960.59265137 1961.37548828 1962.16052246 1962.92004395 1963.83190918 1964.58886719 1965.51477051 1966.42675781 1967.1595459 1967.92150879 1968.79443359 1969.82641602 1970.84179688 1971.74707031 1972.70495605 1973.64379883 1974.45544434 1975.12890625 1976.14978027 1977.08105469 1977.82922363 1978.6385498 1979.56567383 1980.43261719 1981.26867676 1982.04321289 1982.81005859 1983.48022461 1984.18457031 1985.02612305 1986.07507324 1987.05371094 1987.93347168 1988.9420166 1989.92431641 1990.84350586 1991.80541992 1992.87255859 1993.70446777 1994.75561523 1995.66235352 1996.47814941 1997.42663574 1998.34606934 1999.24694824 2000.07006836 2000.83300781 2001.84033203 2002.95043945
