greysriver.asc
NCOLS  455
NROWS  217
xllcorner    512706.500000000000
yllcorner    4769229.500000000000
cellsize     1.000000000000
NODATA_value -3.4028234663852901093e+38
[rows 69 to 91 of 217, columns 200 to 249 of 455]
1889.64782715 1889.76074219 1889.89660645 1890.05749512 1890.18139648 1890.35266113 1890.44360352 1890.7467041 1890.97766113 1891.18969727 1891.46618652 1891.69702148 1892.00695801 1892.13024902 1892.45251465 1892.74353027 1893.0769043 1893.45043945 1893.94677734 1894.57226562 1895.59057617 1896.64453125 1897.75708008 1898.96984863 1900.07250977 1900.98913574 1901.8347168 1902.66870117 1903.68811035 1904.33972168 1905.21325684 1906.20605469 1906.94714355 1907.69299316 1908.36999512 1909.20300293 1909.95153809 1910.89416504 1911.78503418 1912.60791016 1913.39318848 1914.20202637 1914.7890625 1915.4453125 1916.15112305 1916.6237793 1916.87585449 1917.68457031 1918.42370605 1919.27868652
1889.50390625 1889.70678711 1889.8861084 1890.02868652 1890.24365234 1890.38415527 1890.51098633 1890.76940918 1891.07580566 1891.20251465 1891.38720703 1891.67749023 1891.96118164 1892.16748047 1892.53186035 1892.8527832 1893.2130127 1893.55578613 1894.05688477 1894.75695801 1895.51281738 1896.47851562 1897.62060547 1898.7199707 1899.79052734 1900.61816406 1901.52294922 1902.45874023 1903.3347168 1903.9251709 1904.63818359 1905.40808105 1906.19091797 1907.0246582 1907.72924805 1908.56970215 1909.46057129 1910.16906738 1911.37255859 1912.02307129 1912.7286377 1913.44873047 1914.11328125 1914.75195312 1915.36291504 1915.86535645 1916.13647461 1916.85339355 1917.60351562 1918.39587402
1889.4967041 1889.6809082 1889.84387207 1890.01513672 1890.23461914 1890.47338867 1890.50146484 1890.80163574 1891.05786133 1891.2277832 1891.42700195 1891.69848633 1891.97814941 1892.20605469 1892.53955078 1892.9041748 1893.33068848 1893.58898926 1894.0736084 1894.65478516 1895.33081055 1896.26330566 1897.41992188 1898.40637207 1899.28430176 1900.16882324 1901.15283203 1901.86865234 1902.57531738 1903.30541992 1903.98388672 1904.87084961 1905.60803223 1906.38781738 1907.14587402 1907.93518066 1908.80834961 1909.54785156 1910.41369629 1911.39440918 1912.26708984 1912.78295898 1913.51171875 1913.98986816 1914.6920166 1915.13598633 1915.42211914 1916.11071777 1916.77600098 1917.70056152
1889.44604492 1889.62878418 1889.96044922 1890.03430176 1890.2121582 1890.44177246 1890.60900879 1890.82165527 1891.06262207 1891.2277832 1891.43847656 1891.70727539 1891.99584961 1892.23901367 1892.56835938 1892.93762207 1893.27368164 1893.59924316 1894.02539062 1894.48083496 1894.97265625 1895.9519043 1896.92358398 1897.85925293 1898.72070312 1899.58300781 1900.2947998 1901.05407715 1901.91149902 1902.58862305 1903.42907715 1904.27209473 1905.09350586 1905.91174316 1906.65600586 1907.5 1908.25842285 1909.02160645 1909.83239746 1910.69641113 1911.35266113 1912.08862305 1912.8125 1913.44885254 1913.96520996 1914.57531738 1914.7175293 1915.29077148 1915.98754883 1916.66247559
1889.41601562 1889.61486816 1889.87744141 1890.00952148 1890.29125977 1890.47705078 1890.67089844 1890.8482666 1891.10388184 1891.27832031 1891.61523438 1891.78369141 1892.09191895 1892.38635254 1892.65612793 1892.96447754 1893.25219727 1893.57910156 1893.94897461 1894.42419434 1894.83215332 1895.47021484 1896.28051758 1897.23291016 1898.1965332 1899.09338379 1899.79626465 1900.47058105 1901.23120117 1902.03723145 1902.92041016 1903.77587891 1904.68566895 1905.3503418 1906.16149902 1907.1541748 1907.85388184 1908.61486816 1909.44262695 1910.18774414 1910.79187012 1911.34008789 1912.13537598 1912.74768066 1913.31835938 1913.7755127 1914.06787109 1914.49401855 1915.16296387 1915.85449219
1889.51086426 1889.66357422 1889.79492188 1890.07946777 1890.29345703 1890.46923828 1890.62451172 1890.91662598 1891.16052246 1891.45556641 1891.6998291 1891.97607422 1892.31408691 1892.46435547 1892.71582031 1893.0 1893.26220703 1893.61206055 1893.95837402 1894.41235352 1894.83996582 1895.26391602 1895.89489746 1896.77832031 1897.67687988 1898.52612305 1899.28466797 1900.0144043 1900.77319336 1901.56811523 1902.47009277 1903.23364258 1904.20532227 1905.11572266 1905.95935059 1906.94116211 1907.55383301 1908.32910156 1909.07434082 1909.83972168 1910.36413574 1910.88793945 1911.4630127 1912.20910645 1912.74719238 1913.14074707 1913.53381348 1913.86169434 1914.41516113 1915.1027832
1889.45092773 1889.59838867 1889.84692383 1890.01623535 1890.28808594 1890.57800293 1890.71350098 1891.01184082 1891.26086426 1891.4798584 1891.73266602 1892.00366211 1892.28344727 1892.54589844 1892.78735352 1893.05175781 1893.37402344 1893.72753906 1894.01257324 1894.45007324 1894.87060547 1895.31384277 1895.71374512 1896.40771484 1897.26599121 1898.07385254 1898.84777832 1899.67248535 1900.41845703 1901.13354492 1902.10058594 1903.07202148 1903.93994141 1904.80114746 1905.7578125 1906.59924316 1907.36987305 1908.15527344 1908.8260498 1909.55993652 1910.06298828 1910.45019531 1910.93066406 1911.44763184 1912.07592773 1912.56323242 1912.9621582 1913.20361328 1913.66589355 1914.22277832
1889.33618164 1889.5703125 1889.86975098 1890.04956055 1890.29919434 1890.54052734 1890.71679688 1891.01037598 1891.28955078 1891.49462891 1891.79101562 1892.08435059 1892.38598633 1892.68786621 1892.79626465 1893.1328125 1893.41931152 1893.77258301 1894.10229492 1894.51452637 1894.875 1895.32800293 1895.8046875 1896.38146973 1896.97546387 1897.74035645 1898.51269531 1899.29980469 1900.07495117 1900.84509277 1901.88977051 1902.7635498 1903.56115723 1904.52453613 1905.45019531 1906.3190918 1907.11706543 1907.88830566 1908.57531738 1909.2401123 1909.68200684 1910.05273438 1910.34814453 1910.78027344 1911.40563965 1911.87646484 1912.3560791 1912.70715332 1913.04003906 1913.57507324
1889.32568359 1889.63464355 1889.87109375 1890.06494141 1890.34667969 1890.5032959 1890.80090332 1890.94726562 1891.33850098 1891.57458496 1891.84240723 1892.16369629 1892.4967041 1892.6973877 1893.00024414 1893.20251465 1893.43481445 1893.87963867 1894.22912598 1894.65087891 1894.99475098 1895.43811035 1895.82409668 1896.4317627 1896.95666504 1897.54797363 1898.24182129 1898.95202637 1899.72460938 1900.46850586 1901.46252441 1902.31604004 1903.25415039 1904.23071289 1905.03833008 1905.92565918 1906.66369629 1907.51293945 1908.1809082 1908.74462891 1909.17602539 1909.53747559 1909.80273438 1910.10412598 1910.61096191 1911.33972168 1911.92700195 1912.19189453 1912.51782227 1912.94702148
1889.43713379 1889.64904785 1889.875 1890.11169434 1890.27587891 1890.53894043 1890.83117676 1890.98706055 1891.34973145 1891.6463623 1891.93078613 1892.23937988 1892.5012207 1892.73815918 1893.01733398 1893.28344727 1893.66430664 1893.97607422 1894.41174316 1894.79760742 1895.11340332 1895.61291504 1895.96252441 1896.48071289 1897.05810547 1897.67285156 1898.25927734 1898.82666016 1899.50439453 1900.20483398 1900.96960449 1901.78881836 1902.65991211 1903.59228516 1904.58239746 1905.3885498 1906.30383301 1906.98364258 1907.68041992 1908.25012207 1908.68664551 1909.01379395 1909.28125 1909.63354492 1910.00598145 1910.83703613 1911.32556152 1911.74597168 1912.12390137 1912.4420166
1889.49353027 1889.68737793 1889.88903809 1890.07556152 1890.30712891 1890.50183105 1890.76220703 1891.06896973 1891.30358887 1891.61181641 1891.93994141 1892.24377441 1892.58728027 1892.79125977 1893.08996582 1893.51403809 1893.8572998 1894.06604004 1894.50146484 1895.0378418 1895.40979004 1895.90759277 1896.25085449 1896.68518066 1897.17199707 1897.69067383 1898.29675293 1898.83190918 1899.54394531 1900.17407227 1900.81335449 1901.51989746 1902.35400391 1903.22314453 1904.1171875 1904.95727539 1905.76611328 1906.5456543 1907.11022949 1907.58740234 1908.11523438 1908.43041992 1908.7331543 1909.04992676 1909.28186035 1909.80224609 1910.60510254 1911.31848145 1911.63378906 1912.30883789
1889.4029541 1889.60571289 1889.85205078 1889.95117188 1890.18322754 1890.41259766 1890.70874023 1891.0682373 1891.29541016 1891.66088867 1891.95446777 1892.25537109 1892.55065918 1892.92370605 1893.22741699 1893.59997559 1893.89208984 1894.25500488 1894.73327637 1895.16723633 1895.60913086 1896.0369873 1896.37182617 1896.8515625 1897.30407715 1897.83007812 1898.40942383 1899.06286621 1899.7142334 1900.20983887 1900.79431152 1901.27978516 1902.01184082 1902.73803711 1903.55871582 1904.41955566 1905.17102051 1905.82800293 1906.58703613 1906.96386719 1907.41308594 1907.85107422 1908.32263184 1908.69494629 1909.12805176 1909.67724609 1910.38500977 1910.71032715 1911.37402344 1912.25036621
1889.39562988 1889.57800293 1889.77954102 1889.96508789 1890.14343262 1890.4152832 1890.79138184 1891.13439941 1891.30773926 1891.60644531 1891.86657715 1892.19360352 1892.5736084 1892.95837402 1893.35229492 1893.66809082 1894.01416016 1894.42211914 1894.86706543 1895.25952148 1895.76623535 1896.17236328 1896.62731934 1896.9864502 1897.48999023 1898.00170898 1898.51428223 1899.19775391 1899.81665039 1900.39978027 1900.81103516 1901.42370605 1901.96594238 1902.53149414 1903.17724609 1903.90222168 1904.57397461 1905.21801758 1905.74621582 1906.234375 1906.83984375 1907.39172363 1908.02185059 1908.5880127 1909.0423584 1909.46801758 1909.88818359 1910.46887207 1911.59619141 1912.07165527
1889.33874512 1889.57800293 1889.73400879 1889.9855957 1890.2154541 1890.50476074 1890.83972168 1891.18505859 1891.3815918 1891.57165527 1891.84020996 1892.19909668 1892.58947754 1893.03686523 1893.37524414 1893.73547363 1894.14196777 1894.58874512 1895.03417969 1895.39733887 1895.89733887 1896.26782227 1896.76904297 1897.17810059 1897.59680176 1898.18322754 1898.70751953 1899.21643066 1899.85900879 1900.45349121 1900.8560791 1901.41369629 1901.99060059 1902.67749023 1903.15649414 1903.79858398 1904.37194824 1904.82824707 1905.31274414 1905.91479492 1906.54846191 1907.13024902 1907.73657227 1908.32434082 1908.78527832 1909.17956543 1909.79089355 1910.67199707 1911.12072754 1911.12939453
1889.26696777 1889.52612305 1889.77929688 1890.12854004 1890.32458496 1890.5637207 1890.92285156 1891.22351074 1891.51489258 1891.59484863 1891.88757324 1892.16589355 1892.62255859 1893.06103516 1893.39831543 1893.78039551 1894.14428711 1894.60742188 1895.12731934 1895.5736084 1895.99829102 1896.421875 1896.77636719 1897.29467773 1897.82397461 1898.26538086 1898.875 1899.37341309 1899.92077637 1900.4519043 1900.79602051 1901.24609375 1901.8692627 1902.48510742 1903.18579102 1903.86962891 1904.41967773 1904.79345703 1905.20654297 1905.87609863 1906.34814453 1906.90124512 1907.40319824 1907.85583496 1908.69348145 1909.32080078 1909.8515625 1910.42773438 1910.22241211 1910.42163086
1889.30969238 1889.53808594 1889.86816406 1890.10949707 1890.3840332 1890.64929199 1890.92077637 1891.21008301 1891.54968262 1891.67028809 1891.90698242 1892.2713623 1892.65148926 1893.00524902 1893.40209961 1893.796875 1894.19946289 1894.58544922 1895.1796875 1895.68481445 1896.13867188 1896.54748535 1896.88342285 1897.30029297 1897.81213379 1898.30285645 1898.88818359 1899.38305664 1899.92272949 1900.42700195 1900.79748535 1901.33728027 1901.86694336 1902.59155273 1903.24157715 1903.90771484 1904.33398438 1904.83691406 1905.22546387 1905.73364258 1906.09155273 1906.53259277 1907.17028809 1907.96313477 1908.86767578 1909.52783203 1909.92382812 1910.23901367 1909.6171875 1910.60668945
1889.30834961 1889.50634766 1889.79174805 1890.06628418 1890.38305664 1890.66711426 1890.99328613 1891.23840332 1891.52087402 1891.6875 1892.00488281 1892.36877441 1892.71154785 1893.1151123 1893.5234375 1893.97888184 1894.234375 1894.62329102 1895.13793945 1895.66113281 1896.11730957 1896.39599609 1896.78344727 1897.24694824 1897.74694824 1898.24987793 1898.8260498 1899.32165527 1899.85095215 1900.37194824 1900.87646484 1901.49133301 1902.23291016 1902.61193848 1903.09765625 1903.72021484 1904.16369629 1904.59777832 1905.03515625 1905.47570801 1906.02380371 1906.4050293 1907.21166992 1907.75878906 1908.56506348 1909.33520508 1909.64758301 1909.85351562 1909.22851562 1910.36999512
1889.22167969 1889.49035645 1889.76806641 1890.05883789 1890.25915527 1890.5020752 1891.00927734 1891.2947998 1891.48852539 1891.70251465 1892.00976562 1892.44628906 1892.80859375 1893.26855469 1893.58227539 1893.93054199 1894.28955078 1894.59155273 1895.10217285 1895.47753906 1895.94628906 1896.31469727 1896.75769043 1897.21398926 1897.73376465 1898.23852539 1898.64782715 1899.17053223 1899.69348145 1900.3581543 1900.89013672 1901.42687988 1901.9675293 1902.36035156 1902.8918457 1903.40698242 1903.87060547 1904.30200195 1904.78430176 1905.15686035 1905.71496582 1906.04663086 1906.58227539 1907.09338379 1907.89672852 1908.62390137 1909.00854492 1908.88757324 1908.91870117 1910.28076172
1889.25109863 1889.52856445 1889.7421875 1889.94360352 1890.09680176 1890.48583984 1891.08154297 1891.35632324 1891.63317871 1891.78857422 1892.11584473 1892.53027344 1892.95593262 1893.39318848 1893.65942383 1893.96362305 1894.31140137 1894.57763672 1895.02380371 1895.41162109 1895.75610352 1896.13269043 1896.64697266 1897.08728027 1897.58752441 1898.05944824 1898.53088379 1898.97338867 1899.55541992 1900.24157715 1900.69714355 1901.19604492 1901.62011719 1902.15649414 1902.60083008 1903.1126709 1903.49829102 1903.95397949 1904.37780762 1904.5447998 1905.06005859 1905.71948242 1905.99365234 1906.4251709 1907.09338379 1907.95141602 1908.19287109 1908.12145996 1909.37695312 1910.12268066
1889.17932129 1889.49182129 1889.73388672 1889.87390137 1890.15246582 1890.53881836 1891.03125 1891.36694336 1891.66882324 1891.8996582 1892.18737793 1892.59790039 1892.96655273 1893.39221191 1893.7355957 1894.08642578 1894.4095459 1894.67321777 1894.9777832 1895.30578613 1895.63391113 1895.97937012 1896.47900391 1896.9083252 1897.39428711 1897.85778809 1898.41625977 1898.8638916 1899.34277344 1900.10949707 1900.56481934 1901.03259277 1901.41003418 1901.82666016 1902.27380371 1902.77880859 1903.26342773 1903.59191895 1903.81640625 1904.55493164 1905.07775879 1905.65771484 1906.08447266 1906.56433105 1906.82836914 1907.27099609 1907.66186523 1908.50952148 1909.19763184 1909.93432617
1889.12353516 1889.44628906 1889.70043945 1889.88647461 1890.30712891 1890.61303711 1891.00842285 1891.41357422 1891.7064209 1892.04882812 1892.21777344 1892.50622559 1892.87365723 1893.26428223 1893.58862305 1894.02331543 1894.5546875 1894.82580566 1895.11425781 1895.30993652 1895.65344238 1895.99682617 1896.38330078 1896.92175293 1897.36669922 1897.85900879 1898.25646973 1898.8182373 1899.31848145 1899.81298828 1900.42211914 1900.89697266 1901.19470215 1901.5892334 1902.0579834 1902.53088379 1902.81408691 1903.01342773 1903.56262207 1904.35229492 1904.91125488 1905.49304199 1905.92687988 1906.28955078 1906.6940918 1907.07006836 1907.51245117 1908.15087891 1908.92993164 1909.99121094
1889.12878418 1889.38562012 1889.74523926 1890.03552246 1890.30725098 1890.73632812 1890.96350098 1891.40332031 1891.63415527 1891.92346191 1892.15063477 1892.42077637 1892.7935791 1893.15209961 1893.54162598 1893.93774414 1894.45654297 1894.75134277 1895.14733887 1895.34228516 1895.65429688 1896.06347656 1896.33618164 1896.81481934 1897.2421875 1897.6472168 1898.3125 1898.76037598 1899.30883789 1899.87158203 1900.40881348 1900.68701172 1900.96350098 1901.37280273 1901.82092285 1902.05908203 1902.36413574 1903.10559082 1903.51342773 1904.06604004 1904.61340332 1905.1340332 1905.52893066 1905.56738281 1906.51086426 1906.85510254 1907.30480957 1907.95092773 1908.80249023 1909.9486084
1889.08129883 1889.39526367 1889.68249512 1890.01867676 1890.32043457 1890.68457031 1891.01745605 1891.31396484 1891.59570312 1891.86352539 1892.08605957 1892.36474609 1892.73364258 1893.1072998 1893.45825195 1893.85131836 1894.35522461 1894.72558594 1895.06848145 1895.37866211 1895.71728516 1896.19250488 1896.69396973 1897.14331055 1897.53625488 1898.0402832 1898.3795166 1898.80786133 1899.25280762 1899.89477539 1900.33813477 1900.60717773 1900.8704834 1901.05834961 1901.52600098 1901.88964844 1902.30273438 1902.80322266 1903.30297852 1903.78894043 1904.08129883 1904.45056152 1905.04833984 1905.6484375 1906.21582031 1906.54724121 1907.18249512 1907.99450684 1908.92810059 1910.0345459
